headline,date,doc_type,material_type,section,keywords
BUSINESS,1978-12-27,article,Archives,,[]
BUSINESS Digest,1978-12-13,article,Archives,,[]
BUSINESS Digest,1978-12-29,article,Archives,,[]
Buttons: $80 and Up,1978-12-10,article,Archives,,[]
COMMODITIES,1978-12-09,article,Archives,,[]
COMMODITIES,1978-12-20,article,Archives,,"['Gold', 'Currency']"
COMMODITIES,1978-12-13,article,Archives,,[]
COMMODITIES,1978-12-08,article,Archives,,[]
COMMODITIES,1978-12-30,article,Archives,,[]
CURRENCY MARKETS,1978-12-30,article,Archives,,[]
